3080
189
3304
3946
1608
2222
2836
7659
2672
1796
2767
4298
1014
1
2208
2368
428
7769
7917
1405
195
1964
100
2884
1674
40
2979
1678
3547
9229
5830
196
788
3904
2791
3702
1681
5545
39
4245
1208
3041
1683
8166
1017
4258
5677
3777
1066
1672
6848
7446
2608
1249
3473
252
8209
6481
548
8678
2437
1561
272
9858
3988
3658
4830
3902
1220
263
1702
2204
1191
5114
10293
4165
1581
653
2357
5753
4410
1111
9254
3950
2842
4515
6633
4412
1859
2182
1921
292
5129
443
2174
10
4288
2815
6006
2739
279
871
2462
3545
596
2148
5158
3343
2143
5960
3705
1880
184
5447
495
3138
4125
2669
786
5522
5752
5294
1543
2244
1456
7882
3422
3502
9152
4128
4877
1916
3076
5224
6468
926
874
1724
5090
963
10116
903
7281
6390
5394
849
6612
1233
1616
7942
5608
1219
4238
3469
419
3990
877
7822
1666
4136
3789
1028
6338
1549
7495
6635
5557
3762
154
3254
1024
7878
8418
5961
6517
5659
5018
11063
8931
5370
897
2567
3312
3692
4566
4352
3504
6979
2927
5233
1362
4314
700
284
3091
5969
501
5156
4933
3101
673
4380
5653
2315
6726
8091
5446
2294
3546
1083
661
869
6442
1030
3925
7217
6262
6261
5642
8543
6026
6005
8727
5389
5471
9122
10277
6071
3253
1239
5047
5858
1973
3471
5559
4022
5649
5149
8
246
5253
3779
789
4657
255
7258
3621
435
3874
3252
3191
8673
5775
5623
1998
1655
3421
3081
8393
718
699
3836
1684
3529
7996
7976
5097
2488
2640
3531
10251
5593
1154
377
4450
3356
3873
7286
27
2719
5519
2507
3099
1353
6502
1029
4651
7288
1112
3782
1151
57
1181
103
480
1527
4688
4261
5884
1182
2524
120
1471
5392
7912
2075
229
158
5504
1644
6626
4868
5424
118
8483
586
250
6147
5328
6016
4
5153
4994
8580
10404
2032
1782
31
2301
5795
2237
1982
5866
8674
4795
6977
9576
3141
4918
2638
1347
5765
5000
94
1190
6088
3072
10621
414
2720
6880
2536
4418
8913
3073
9770
157
9163
6730
1597
8262
2081
4075
7358
1401
2003
2819
98
5784
7098
2471
3409
5219
1746
853
6051
3238
1134
834
10579
7577
9877
5340
5421
606
4555
6910
1871
961
4990
2001
2417
1876
3083
783
6882
5953
3881
10916
784
3052
3974
9914
10147
1323
2395
514
3819
492
3732
2650
7129
6068
9314
7219
7395
1000
5879
5191
1128
6042
7299
3032
2824
7290
6592
32
4432
1274
2663
6697
7323
10804
2394
9443
6172
4880
7218
379
126
7332
3376
2900
4630
6050
2609
939
7115
1321
6438
3715
1995
4018
2796
6230
4539
9045
3612
10737
4583
3617
8985
3642
7023
6936
6816
23
8217
6895
7010
304
3721
4853
9635
4856
1989
1129
9525
7761
4351
1606
1741
215
714
1761
8328
628
5808
8623
2645
1036
6115
9075
3277
6283
5117
1329
4698
6480
2889
7585
4832
5554
10720
2693
2017
3400
713
10707
1207
2060
9765
6890
5162
2154
24
9258
293
3843
4206
2332
702
4009
7032
9137
1122
33
1825
1477
3314
1364
1598
1055
512
8017
798
6909
891
675
2145
766
2414
2269
10422
6437
742
9326
3360
1604
3601
5386
1954
8370
400
7512
6337
1322
7325
10637
6699
7178
3643
2879
3690
3490
6719
11168
1177
2189
3822
7576
2888
1845
1504
3463
1176
2028
2010
1175
2828
1781
1852
3667
6451
9402
5604
1141
8259
5675
7168
1553
3817
5641
1131
7777
2125
1756
1868
3522
2683
8403
2561
1110
8958
10620
370
2505
710
3413
114
381
4926
3506
4190
8011
1374
639
1171
6740
4040
4185
2109
10862
7793
1133
454
1136
356
1367
1752
7627
322
522
10361
2226
2707
3353
517
1430
666
7556
3197
4202
6575
4521
3599
5332
4721
822
9998
4466
8439
6430
385
8805
6688
3554
7403
10548
8155
10686
3361
4371
3270
7043
1869
8627
3271
7807
2514
10751
7110
972
6770
6254
2170
3345
3634
7427
11113
2388
1454
3293
4048
8576
9252
11170
76
5440
8367
4306
6329
4303
8708
2393
8840
4530
728
9119
810
9761
5045
9741
9241
3700
6512
2131
16
2007
5585
2603
1818
9328
3305
1255
5283
8329
7947
9709
2107
4806
8410
1521
10799
2458
5166
2509
8789
383
867
6536
1149
3019
3913
2280
5276
6959
5174
7126
4892
4712
117
3739
815
7719
803
7471
6238
3942
2046
8208
10448
823
9
1121
7604
9634
1247
7273
6727
9429
3893
4219
4903
863
3294
1557
1466
5448
2070
71
2127
827
3309
10563
2901
1469
5596
8677
3327
2111
9934
161
2220
6784
1409
5528
1467
6572
7988
2605
390
10849
181
8427
946
1331
9686
8127
1817
10675
1278
7671
11150
1180
3382
1599
1503
4250
5300
5725
825
10143
5105
2452
380
4176
2248
7038
10624
5032
9135
6170
2535
1555
4674
4553
9086
387
802
9465
10731
7376
7982
8666
945
9875
4143
3861
165
2584
6395
1056
66
162
4798
3628
8529
10300
8395
779
2478
11264
819
1867
1718
9918
3622
641
386
2837
5167
6716
1318
644
8716
5845
6187
2073
9499
1439
524
3565
11216
10403
10007
11303
3711
260
111
8118
388
2522
2313
4811
4131
4992
6045
5003
49
50
51
52
9094
3242
5684
10793
183
4845
1816
1815
630
4886
8967
983
11290
1245
8906
4864
8297
8376
6842
944
10003
1280
6544
11005
924
1470
5172
2426
2506
6146
1246
6678
511
3695
6761
6133
328
2136
11074
4471
11237
5352
3507
1472
1473
6079
1167
8379
5839
10019
9280
1596
760
7456
2043
7109
5597
5076
3352
5907
8060
2950
9318
3557
6745
2954
4823
5346
2801
6529
9689
11016
5427
1946
5919
10613
8637
4308
3876
1097
4050
5359
1531
7548
494
2790
6742
1545
9966
5697
1720
1368
401
3256
5057
2768
3393
8020
5881
7995
10420
9653
10184
9694
4534
829
4286
11038
8744
2025
1578
9174
60
4527
9475
5663
10527
8500
10099
1996
4582
4807
4925
1086
10695
6899
5779
7854
4347
10663
980
10821
8638
2068
4563
3510
4336
2008
1602
818
817
816
11054
1139
1138
5617
8955
600
2196
5410
9977
5587
5586
10839
2740
10005
3144
10843
125
2999
8365
2729
1324
9300
4736
3676
8371
8195
7549
3002
845
2234
3320
497
3344
2019
3699
5384
519
8355
9022
3875
1059
3385
10405
3549
3766
8853
1476
6883
5436
7606
358
6426
7620
10530
253
10209
4255
9880
