	sample	Activated CD8 T cell	Central memory CD8 T cell	Effector memeory CD8 T cell	Activated CD4 T cell	Central memory CD4 T cell	Effector memeory CD4 T cell	T follicular helper cell	Gamma delta T cell	Type 1 T helper cell	Type 17 T helper cell	Type 2 T helper cell	Regulatory T cell	Activated B cell	Immature  B cell	Memory B cell	Natural killer cell	CD56bright natural killer cell	CD56dim natural killer cell	Myeloid derived suppressor cell	Natural killer T cell	Activated dendritic cell	Plasmacytoid dendritic cell	Immature dendritic cell	Macrophage	Eosinophil	Mast cell	Monocyte	Neutrophil	group
1	GSM3615293	0.328240240452046	0.413343252911668	0.263574242802112	-0.0868869620743518	0.509808412008995	0.0283576672482881	0.174797703873202	0.394423020533476	0.152545204685625	-0.0626391339146182	-0.0050438199320525	0.277352740814522	-0.21321599706568	-0.0239542879371537	0.0519886880247087	0.344606582726414	0.303919264970693	0.385394529877704	0.3774827447735	0.0569460700005146	0.215929915103507	0.356036753003485	0.332792210887267	0.19505910703972	-0.256094642918037	0.0638845044360032	0.604153427768642	-0.179615409138026	NASH
2	GSM3615294	0.270396142664887	0.342901766642406	0.17293184957469	-0.144584395116281	0.475214605269741	0.0256962953775197	0.0916337903761908	0.346034881390537	0.133882701424168	-0.0582658911457139	-0.0142001508029242	0.147150891392252	-0.295946807600305	-0.124510164141251	0.00865619293351292	0.3043657961696	0.28701923379414	0.38973744524639	0.224854675646632	-0.039993415510043	0.201383845129238	0.343498523503031	0.369462455575829	0.0981654630431991	-0.341755422103022	-0.097563324042688	0.564498666307783	-0.225426163948725	NASH
3	GSM3615295	0.261058358835917	0.374647308968479	0.191267569658219	-0.184114319896879	0.493778354040144	-0.00149558384292804	0.0928186916934707	0.375609385062148	0.121418098322731	-0.0709878918892283	-0.0498940469068278	0.148439617364374	-0.277386981920772	-0.116816662969484	0.00357617730223756	0.299311027514108	0.286996221084881	0.431302771401185	0.259900732167229	0.000626575142422421	0.199664852519874	0.341661575970525	0.352987255187341	0.119138678722455	-0.273814015425216	-6.21687598641784e-05	0.587910744698301	-0.306377112345437	NASH
4	GSM3615296	0.361402725203197	0.399819594974765	0.231261381259144	-0.0937384539758926	0.490695349832168	-0.0108978910914791	0.130646444356108	0.375618679393	0.153358270494641	-0.0713699863652688	-0.0192257403599418	0.206089271413517	-0.29015580742325	-0.0464820792172798	0.00179878648935624	0.311547571582198	0.262886762743967	0.380763225939457	0.30228894190362	0.0206399318284453	0.209596038493616	0.345280855561191	0.346118165253887	0.149168111695336	-0.279975910707501	-0.0991062421339741	0.58692692895777	-0.225009740335458	NASH
5	GSM3615297	0.318710543014309	0.386199053313135	0.198424328415579	-0.0943790503929821	0.494647272965069	0.00654944585054006	0.104047238462078	0.365733737171932	0.138991414003528	-0.0524593118926271	-0.00924249284960559	0.210222150844734	-0.277408203680228	-0.0730072897831674	0.0518495390252004	0.316724022924151	0.264264010477059	0.404964700547773	0.284012756750285	0.0103552779537932	0.202871229309614	0.355360783449094	0.340787538421839	0.135396702821895	-0.27515780489871	-0.0434194993994772	0.579320628581113	-0.207392896033486	NASH
6	GSM3615298	0.294641444787779	0.368342458102971	0.172460971092225	-0.201471604347787	0.491124242835782	0.0263362088543367	0.0887422394793657	0.337023900315414	0.121456278907003	-0.0606014446772261	-0.026656140116975	0.209284455081617	-0.270185141921258	-0.0529371623202742	0.0178227394131072	0.317758605832868	0.275727298986306	0.375621563251741	0.249653135878621	-0.0253374059476594	0.16730843014345	0.370609688395616	0.339365044127847	0.147190096119744	-0.289360780162554	-0.0998050709855526	0.576277001603509	-0.145345807422012	NASH
7	GSM3615299	0.323195986907097	0.426586328090771	0.277235302058255	-0.0720631012986463	0.523306713062241	0.0298606170462431	0.132485798603891	0.388138661958862	0.173648041796499	-0.0221680707530227	0.00155987073012543	0.322567079975201	-0.171692968832282	0.0285636247805941	-0.00329444553713864	0.358451545784527	0.273022082719705	0.409062457312788	0.436778051159976	0.0407465099458722	0.264447828630781	0.413365059862129	0.353572285561835	0.215566346272622	-0.266679164491829	0.0100409384367555	0.607832448513302	-0.111907064542671	NASH
8	GSM3615300	0.24831081416614	0.385491867294507	0.194492943027124	-0.151994044627912	0.507045480978247	0.00776662040651538	0.133059797438317	0.350131103034224	0.158816984795038	-0.0486448368341291	-0.00206759660620523	0.257586470477619	-0.256658523204641	-0.0440726776284684	0.0176496143841741	0.341061331317363	0.291466939962711	0.390361112668865	0.275901701505166	0.0202696574113756	0.194285045983513	0.356342874049209	0.365625953566794	0.158065406892544	-0.269801139981866	-0.055149998309137	0.593915747905658	-0.202856012408973	NASH
9	GSM3615301	0.280311806634484	0.407419775234048	0.176855039394036	-0.0693879905777868	0.496453184011064	0.0522909091865079	0.122488814801604	0.386302983974692	0.15278232661487	-0.0454384545116754	0.0411227220491637	0.243315031176712	-0.275665684891655	-0.0192826776212074	0.0931232352774871	0.347627774788343	0.283207789133581	0.342011793263873	0.296750776426919	0.0291587322314395	0.1876760154814	0.37346489843043	0.370245847519583	0.156672715147383	-0.267502019636068	-0.0327252959889619	0.543470540721758	-0.0155055386005561	NASH
10	GSM3615302	0.195222419977774	0.349654528373735	0.148288354843221	-0.101058901327128	0.48001530719111	0.00375281394604087	0.0820294334512817	0.359021487574836	0.115377929865777	0.00111782053996479	-0.0287870015441048	0.183947152568462	-0.332401543461759	-0.0534413706863088	0.00561794521995631	0.298912384262605	0.25978021416907	0.394754208635231	0.202033182226613	-0.00308775879117239	0.19651172524244	0.364522912893289	0.307877198596506	0.134813801705193	-0.231785286284477	-0.13575111775584	0.552440036545261	-0.21886730180086	NASH
11	GSM3615303	0.25451080381331	0.3461350216802	0.162276683711325	-0.218943604399588	0.455553531604313	-0.0326881484304726	0.0558348322549659	0.3497898903265	0.119331565271084	-0.0471077188967748	-0.0377506601075423	0.101703923930658	-0.276086877779837	-0.135038261897871	-0.0171590678009331	0.290184253406408	0.263547394851957	0.412879998379421	0.145856102600507	-0.0264352570632506	0.188898272317122	0.366094086852586	0.321762382918422	0.118226855354521	-0.310895915561618	-0.167704525310573	0.571650668596754	-0.317378717520018	NASH
12	GSM3615305	0.330327419495035	0.343006172768715	0.214871896978269	-0.138661281759155	0.5044551224358	-0.025432014902602	0.0986671167918962	0.361311187146184	0.146708344821621	-0.0331586293402611	-0.0109910686753982	0.164538968206788	-0.243791970107285	-0.0931409088883168	0.0299519537782101	0.298862738612056	0.256084823571435	0.409976335138587	0.202945656055274	-0.0156283216254574	0.205209100194306	0.355059196905838	0.331780582442002	0.106852700381931	-0.297820887049291	-0.109531929773488	0.572170053676814	-0.281838397167409	NASH
13	GSM3615306	0.287120529464518	0.351925945581442	0.188743750543039	-0.0997752845993175	0.513960064348834	0.0202678353423274	0.0701023705671989	0.368109160555691	0.150911049448026	-0.0431325972378658	-0.0117319234243875	0.244287968397895	-0.193131825155232	-0.0725018679110155	0.0111160958295168	0.313961107046052	0.255415479038639	0.394081186758953	0.259055872011842	0.00307545259262353	0.225513513033704	0.355196368732836	0.339041509539366	0.139542474545898	-0.278878276542714	-0.0540255698941281	0.583455637702315	-0.249749159562001	NASH
14	GSM3615307	0.296628307945351	0.336964753313545	0.211681639506002	-0.152320812442098	0.460690922848117	-0.00193290572828492	0.0460146604065229	0.356881811059522	0.138777566878894	-0.0451103798509236	-0.0467552864656609	0.121954354972725	-0.267431884545805	-0.045615920590554	-0.0364002204218988	0.277093318700446	0.271445679069934	0.416944255923605	0.168672387249405	-0.0129177391457677	0.170540836234152	0.356066351320631	0.359865841498783	0.138095104337888	-0.321211720564792	-0.146204647027688	0.596067252342668	-0.26227191510003	NASH
15	GSM3615308	0.362724132422994	0.40652954233379	0.209439910005062	-0.0658101860049303	0.523790660285004	0.0591592893279015	0.113025918636035	0.374299094262343	0.167590249823833	-0.0967770524146623	-0.00173955237450224	0.232151551585277	-0.289158873289248	-0.0350540825984857	0.0453933702568241	0.335024611232248	0.269419846214013	0.383532150959282	0.305773356121384	0.0332853977628047	0.228871545720844	0.362271381665219	0.395154298023616	0.120798404103856	-0.287539882970718	-0.0221805599838875	0.572614124735765	-0.195618573348082	NASH
16	GSM3615309	0.287778369728576	0.377757265601312	0.217079426260062	-0.124354137722575	0.505150911983024	-0.00434175119847651	0.0863928583661913	0.395355036101515	0.134154039696147	-0.0707126424155204	-0.0459333822980929	0.198161027566216	-0.272050000254049	-0.107544692290068	0.0226059946806519	0.293572995509071	0.277898745770038	0.399000129241113	0.241666326037891	0.0189495987692669	0.223514559424271	0.367577626487587	0.370077722645415	0.118759809171957	-0.299562522180521	-0.132369355677822	0.581568075500382	-0.258070369091313	NASH
17	GSM3615310	0.360593047401472	0.382277847811505	0.23680716622788	-0.126133647679405	0.506930961561075	0.0169672770597983	0.121271645142549	0.378799518739468	0.131136946516691	-0.0688154982678025	-0.000801833887847774	0.229392526490683	-0.243989219292	-0.0649389819622132	0.0313652354538284	0.317479862041251	0.283225792705009	0.390671315983635	0.289219154055405	0.0434883087134584	0.220730529583218	0.362348537978702	0.368604786562264	0.12199863463363	-0.293355464440457	-0.0343253456652974	0.59351001143724	-0.230587880732361	NASH
18	GSM3615311	0.343124564444194	0.39922146556351	0.242426011716461	-0.113090645872942	0.517036899357504	0.00779157884719826	0.117497284900414	0.349460805696862	0.150904471594767	-0.0671296982977415	-0.0142424448579907	0.239049339600667	-0.226486986099695	-0.00456716535719546	0.0462225283608949	0.331081670169713	0.275930527604601	0.388256637937918	0.302828084711955	0.0270380672714605	0.213836378433105	0.349150350193372	0.363696600729978	0.146211537726959	-0.267992170293454	-0.0472756391139558	0.582216749920469	-0.170324932930271	NASH
19	GSM3615312	0.301495072937379	0.370814150768366	0.196566560619524	-0.147688566749612	0.501656236133937	0.00419604608703109	0.075568384239028	0.357054399194949	0.140758089352676	-0.0946464970511301	-0.0253804562917406	0.174381555147165	-0.236721984797866	-0.0827714828266218	-0.00517103200546806	0.311306730493867	0.279548657329704	0.386186146991602	0.294440812760987	0.000109550682557953	0.199150352301206	0.355772841411175	0.33958211370493	0.144326632095966	-0.337925344557972	-0.0527708830317961	0.597885664080637	-0.227272496890106	NASH
20	GSM3615313	0.340842275504786	0.42212409628788	0.280880128311494	-0.000113122697125629	0.546802586026382	0.0587859169753871	0.151667774366611	0.412612077472798	0.175244555536843	-0.0678663599586833	-0.00148764782730559	0.317523354087711	-0.162937548569549	0.0414998073180973	0.080437839372912	0.341881305570743	0.278731477322705	0.404881547386369	0.398502715595585	0.0445705211358083	0.251701279125612	0.369905409343654	0.365496971931621	0.215835150360657	-0.264181255325582	0.101160788255563	0.598370504734152	-0.185258148338848	NASH
21	GSM3615314	0.333477188620978	0.392681252191344	0.248421801442508	-0.0916501751206372	0.523948742216558	0.0216593877253837	0.139879885286951	0.410929135822379	0.163324185195964	-0.0856788687070617	0.00436840249624773	0.277090681652545	-0.246348052578562	-0.0118076811026259	0.0440978543826428	0.337641562297617	0.286647696853868	0.37711210390158	0.334917649462772	0.0583345734530909	0.221570412126904	0.376273739561693	0.374295207090046	0.168418875216936	-0.269684026271012	0.000309984233430463	0.588715972116981	-0.212164363808297	NASH
22	GSM3615315	0.250081902586047	0.338468876452015	0.206080002889907	-0.148254896320115	0.497554830903835	-0.00480275269124189	0.0658517667123258	0.362344920721372	0.101504417410869	-0.0507989359546041	-0.0192059416284299	0.0998680959303159	-0.368281624062289	-0.147192592893576	-0.0346992975719738	0.259082399957145	0.24031891104213	0.37237641401589	0.154811816873103	-0.0200755778742658	0.19626659843136	0.35748748702063	0.348482254761509	0.0975361509650573	-0.326164445527576	-0.155298854298564	0.575402625360337	-0.351840056376486	NASH
23	GSM3615316	0.293653723960723	0.349740657242024	0.212692697580741	-0.126368901002061	0.533257920823549	0.00168407323897084	0.133441327726408	0.398518711823152	0.142282902928726	-0.0817467530561048	-0.00632703620667505	0.167550733515986	-0.315814828318931	-0.0524867341496301	0.0283815410929263	0.310422229788062	0.226412954570616	0.402389142702368	0.274748557578597	0.0251801614106409	0.203764308556921	0.354204656923008	0.34442193664364	0.118049064507456	-0.29958553773483	-0.067000807323	0.576529467445254	-0.309142574231868	NASH
24	GSM3615317	0.381291142782832	0.385480707543901	0.238865162693943	-0.0613950934348372	0.55265757257124	0.0309202911678464	0.1407741633415	0.401920596049499	0.17720155250199	-0.0745095537721465	0.00447268094303178	0.230433911174914	-0.169855518726694	0.00578733470965632	-0.0459455413640642	0.337268448765131	0.26133312974058	0.424517668950289	0.384840262547418	0.100488746630626	0.258731061756627	0.402401200880996	0.399566440979048	0.191890795994598	-0.326982638281434	-0.0493620175628165	0.58261312985806	-0.209611679509158	NASH
25	GSM3615318	0.290631700929299	0.370428504251807	0.187374015890541	-0.117993872088636	0.489488895650187	-0.0329040858557677	0.0901325167475943	0.389402136954369	0.14683315220938	-0.0225458844565368	-0.0121127077527335	0.125080349474484	-0.304050291045733	-0.0800932302162741	-0.00441040080399599	0.281125623713797	0.255102546133903	0.399723761608049	0.203160178948811	0.0297956976187714	0.217458066097569	0.370749372906735	0.332175881055815	0.122848848945471	-0.35795772715687	-0.152564744526488	0.573251675636217	-0.308567966982629	NASH
26	GSM3615319	0.306235341461533	0.348871954144837	0.186551117421086	-0.0749980623297885	0.502569723245374	-0.00842948092198676	0.097748122881255	0.371977543811728	0.125878005782266	-0.0198762288035909	0.00374250184784348	0.173331471875988	-0.271837663706117	-0.0954135626687202	0.0392611195116433	0.318997440251236	0.250368093376407	0.393235306346298	0.232657630364264	-0.00430949211619681	0.228177456998795	0.356334135474914	0.342329100518152	0.129055548774381	-0.296173942196684	-0.0614216988864766	0.576105765113283	-0.237264388262386	NASH
27	GSM3615320	0.255202413009101	0.363231471682623	0.192539867326792	-0.122485215251249	0.505555790325398	0.00136125718619798	0.0901931336521595	0.35624961436455	0.129325826596225	-0.0519177709162238	-0.00382959571901521	0.218003265177315	-0.283013113208229	-0.0965883428951057	0.0508023411417647	0.299303889821623	0.249777354678218	0.391583189035683	0.233260895327747	0.0123961735012096	0.199984231569364	0.382947914814845	0.332945571258985	0.132789926438871	-0.307867790268336	-0.0505308311337798	0.587107616450405	-0.249580915661531	NASH
28	GSM3615321	0.301775349308752	0.39757117642591	0.251952773013009	-0.0548916668571685	0.546586545897978	0.0102783784025191	0.166124012431908	0.414679938437181	0.15489324825432	-0.045962098988368	0.00703082634972604	0.31629265257683	-0.265818631966645	-0.0113898500136187	0.0235224011821147	0.34338328194288	0.250275310114079	0.416357989022929	0.361813656776193	0.0740218762271029	0.247108166069022	0.406319336255331	0.37820087487282	0.234498069032219	-0.273415380294779	-0.0306124418631356	0.594061275690709	-0.241097175568103	NASH
29	GSM3615323	0.291689046901226	0.346828551465218	0.209693953729504	-0.0624053257569393	0.499810847710012	0.0300445325635434	0.0607887609385591	0.352016615232209	0.129607952528199	-0.0684221892174293	-0.00863622663715818	0.186011332629227	-0.360904905837554	-0.0832843086896203	-0.0593631478620423	0.284344472728252	0.235506063175263	0.433611786911427	0.233870733451703	0.012823864992653	0.200622103784317	0.368073271599549	0.350401317949142	0.129818753862192	-0.346273198707706	-0.0455640457802322	0.588474819382154	-0.298029835843296	NASH
30	GSM3615324	0.218427022192227	0.407089664794227	0.202535458631636	-0.190463949085187	0.503018184174892	-0.00461814671486211	0.138525168285794	0.346043881537212	0.115803168595483	-0.0478523134461478	0.00446950585292865	0.287244252730512	-0.239008494597358	-0.0279686306358327	0.048563958367818	0.346805380496779	0.273519730134217	0.39809796229805	0.2500307195356	0.0121546084726396	0.182378707683344	0.381544674658318	0.338609584810462	0.193583528402934	-0.287103689005663	-0.0827733607444069	0.603157992068014	-0.182661956817523	Control
31	GSM3615325	0.313693340144788	0.426274493022942	0.251422846384662	-0.145571764737427	0.504690132999533	0.0236192352068825	0.133967973171509	0.370677566036889	0.133762694304794	-0.0314813540959037	0.00791760717531509	0.293419498392578	-0.209499719545023	-0.0142539726801182	0.062793239926112	0.362083121731607	0.239069792929591	0.382531131310964	0.336940165411182	0.0183687511284301	0.182708270395538	0.397940069452818	0.348705034114291	0.211591777832562	-0.275302221396936	-0.0603700911609339	0.603841537042878	-0.136751302205722	Control
32	GSM3615326	0.296294335877049	0.421888256047549	0.263715060617511	-0.135432590525847	0.489788016208741	0.0133245320855054	0.145356156843912	0.379547244623971	0.154279150256223	-0.0326304519980155	0.00653863396479913	0.32575172795943	-0.237403812903975	-0.014919376516582	0.0507008527072147	0.355588598648005	0.261017409073649	0.378886259226334	0.353439974920983	0.0267668444702379	0.209316517504735	0.404493698172071	0.363160199767587	0.237751920443194	-0.280242010289907	-0.00454572457917418	0.612301502494974	-0.11050665331	Control
33	GSM3615327	0.205686656599647	0.409022443445773	0.186238551312898	-0.191696885587232	0.492690842816808	0.00821432300673188	0.146563812772467	0.342610513997836	0.122110663394674	-0.0415095370664291	0.00864824154314599	0.269329258215478	-0.27647181743464	-0.0386642632415233	0.0543695723545893	0.347540111272074	0.259235540648363	0.38303768199856	0.271336958763307	0.0115897201583426	0.155217900911843	0.409380017622502	0.357089316160431	0.186945760752919	-0.299892219817997	-0.114935066696649	0.594148573659104	-0.182897472078628	Control
34	GSM3615328	0.275136425445529	0.445716808492797	0.241720483769648	-0.160212989422935	0.494859277214821	0.0232980408483051	0.148520011944545	0.374526911142927	0.131491434148711	-0.0171693559872997	-0.00627843935154994	0.293338838001804	-0.235778932150438	0.0202750100477884	0.0294794495464774	0.347445244300718	0.270779271555557	0.395810268612009	0.335901983982319	0.0291952278478216	0.198897127086971	0.400126231796342	0.341809132808539	0.238967598898478	-0.24047852572637	-0.0525581608718171	0.61636572648026	-0.170310838426619	Control
35	GSM3615329	0.249295806526468	0.444050904624929	0.217703266440907	-0.169926850073614	0.508586780758627	0.00991644222288008	0.157958115500445	0.360507190780631	0.124094540440618	-0.054288719789003	0.0170030568643946	0.320943332062784	-0.201900258321757	0.0248783136952659	0.064080131087997	0.342548956224386	0.242851116956016	0.393464608007667	0.312509374981894	0.0249787331175058	0.176077214488154	0.404428365303581	0.344870038213555	0.207195828346823	-0.285860170060402	-0.0817879903906416	0.60736481832574	-0.134309326847864	Control
36	GSM3615330	0.337222622045034	0.456446340561353	0.290997456443008	-0.0907785405076092	0.521758626344834	0.0262239489669446	0.167240782253323	0.379567605291179	0.162431927984363	-0.00588337666167409	-0.0153230921534341	0.329828625339747	-0.174651460393796	0.0607125184920453	0.0026506844951999	0.347371099703205	0.279849584754056	0.41036683151414	0.433539972201286	0.0350415717655417	0.227266240114175	0.395878469454188	0.357350409539601	0.264181537561825	-0.274523308937104	-0.0196459330939611	0.619891398156598	-0.143521763243332	Control
37	GSM3615331	0.26219903417512	0.449635291175808	0.245724727804072	-0.148436755345161	0.510756207098451	0.0112728997526172	0.168430654929995	0.365834896467035	0.114298665939417	-0.0499392783444718	0.00860913826612254	0.304248047131802	-0.216011195564308	0.0241137402451275	0.0681067211709862	0.356913763160218	0.265877564272573	0.39337027874337	0.306313293207333	0.0361404623961371	0.189153036985609	0.409276831702965	0.352759650438211	0.213008369827302	-0.261405230821728	-0.0590265368904371	0.613839455778876	-0.146536689503119	Control
38	GSM3615332	0.288843712906681	0.440081916897766	0.246013321686658	-0.145824312100292	0.495601502171759	0.00449934052784094	0.172955047511129	0.361667411486392	0.125759504453148	-0.0124739404177725	0.00975180825264487	0.296076874025603	-0.206135105022932	-0.00216104270284936	0.0570775224747612	0.348886791584946	0.261522761162268	0.394206509953785	0.276562527327867	0.0322976462084507	0.193747893105237	0.396821030443766	0.353333100865375	0.235268756895148	-0.236172783085132	-0.102906156337303	0.616553065682616	-0.202405728270867	Control
39	GSM3615333	0.260075138350162	0.441952682158493	0.260526871359801	-0.162986802213136	0.499987096296783	0.0181460013055984	0.158921165587201	0.361681110232927	0.138875008217758	-0.0500404711123823	0.00144267416570449	0.312775292069444	-0.206472390092355	0.0386448068103732	0.0507155215424691	0.351922833838978	0.249955449006504	0.387679762578505	0.318421093141929	0.0207981680169849	0.169097207299278	0.406417004083096	0.352548362504005	0.234986089925886	-0.261434679144451	-0.0466121504103489	0.620965782366226	-0.171718547643213	Control
40	GSM3615334	0.290533998612715	0.44480028972715	0.242264319926492	-0.164585301888715	0.502985268024402	0.0111447351387096	0.151886844153154	0.389546889342815	0.136436748480712	-0.0549409360839747	-0.0133197417824995	0.325265522906393	-0.188792426435743	0.022750811142704	0.022791130081641	0.332005945450343	0.271363337310616	0.411700961210724	0.386176298641242	0.0444890623262488	0.204304444695073	0.413269839075033	0.344624567979957	0.246287025412499	-0.275090623887147	-0.0157754240254978	0.620170891018175	-0.0641514634971547	Control
41	GSM3615335	0.248519384150538	0.439307310789721	0.183842495708811	-0.153804728226455	0.496753071305087	0.011104680810657	0.12751190166984	0.37697180184702	0.134059271168473	-0.0342198048876835	0.000241049386438496	0.291130494495411	-0.259626880651276	0.00790868451835136	0.0563974243583905	0.319624762102764	0.27052551303602	0.400361749667298	0.324226274660681	0.0439076832661513	0.184531186666723	0.392003634879541	0.351897538322463	0.194469563535957	-0.262719286369825	-0.0141938221401005	0.619997306551942	-0.113538300962298	Control
42	GSM3615336	0.264329065027454	0.440545230129146	0.23335272842675	-0.13009800068876	0.516725522314564	0.0232895906291208	0.166623717839941	0.35932697573277	0.136316361809653	-0.0561662625211257	0.0212234503466204	0.311153739758547	-0.199668004296576	0.00649702858728959	0.0365222510558085	0.36100611372343	0.248538822172919	0.390449206757074	0.303022330401928	0.0363543353373537	0.191069126392379	0.398025689089329	0.360092456677414	0.222348666122744	-0.252997754723766	-0.0413215728215562	0.601456332829086	-0.152455941706301	Control
43	GSM3615337	0.37168665660392	0.454836024550209	0.268829754784368	-0.0764224456855419	0.512723841641073	0.0231445428715256	0.165647095233205	0.381062401432451	0.163919738759907	-0.0467682793190763	0.0491521888417339	0.313666519805114	-0.165840560640877	0.0783494432586583	0.0642114758496404	0.344729139540663	0.269806714312733	0.385205803966158	0.412658119357318	0.065071154270047	0.20953620721249	0.414677402962168	0.35774085843175	0.217322215172237	-0.25774014887483	-0.0726869029190046	0.618084802142569	-0.125864112441956	Control
44	GSM3615338	0.265364876320443	0.449132578437826	0.255802024181745	-0.111210515954148	0.511334067500325	0.0228541938029733	0.166586981454739	0.385443432211505	0.140950418467799	-0.0489791396254093	-0.0157630726086628	0.310149227803384	-0.191900225827977	0.0639512212599452	0.02099580128233	0.334071260461475	0.275080790185552	0.390537347678581	0.36215252426856	0.0427673702555491	0.219595473489024	0.403911496694131	0.362524508392038	0.250099123239395	-0.274545568575904	0.0167344504555218	0.628972701725094	-0.11614945065072	Control
45	GSM3615339	0.217010826040902	0.439365138472441	0.212787979181489	-0.122426545654149	0.495224487683636	0.0298125091152265	0.12502031996755	0.370200616792056	0.131003032532913	-0.0659414930690851	-0.0126888168863842	0.31000561742471	-0.209173529648706	0.0267476029635597	0.0240284537776913	0.322577234690439	0.264325660420313	0.374914280795613	0.319985502750672	0.00614787262391983	0.193038841860727	0.390418095190893	0.353675313896945	0.231582401948381	-0.292717420949794	-0.00216641237830549	0.602548092058909	-0.177638120326556	Control
46	GSM3615340	0.340464350148009	0.439094311292718	0.267091813049315	-0.135789105168069	0.506376667687212	0.0107015662013473	0.155873294537718	0.385709283805266	0.146692360733967	-0.0311203356720064	-0.0151287103714187	0.323401720593004	-0.206523777714856	0.0634881146288392	0.0633806233556111	0.327416569907564	0.273502335955338	0.382004116393159	0.382378894272926	0.0215709542926152	0.230823192677287	0.407350347481867	0.36034230073134	0.255583419721554	-0.284076679534836	-0.0227810788811366	0.616726717658855	-0.152217023217309	Control
47	GSM3615341	0.309391884376278	0.442242764903197	0.249792549818579	-0.119051156601035	0.516030215702391	0.0163607370635039	0.156927482616663	0.379336541799738	0.152029007155484	-0.0382209907056744	-0.00899854611774741	0.305021980021794	-0.21615827952716	0.0244448733322215	0.0284304809712858	0.349832309566899	0.265123163978895	0.399094178089227	0.375441814795864	0.0336599553133221	0.222471740848056	0.401347675894868	0.361520057169977	0.247462615512706	-0.285345491244139	-0.0377080570430191	0.608959295270954	-0.124726877856728	Control
48	GSM3615342	0.386989779720296	0.445846640363825	0.285649596040512	-0.0620341387437799	0.511557906744236	0.0236287235733359	0.173731828824119	0.401497245811097	0.163238417323207	-0.0548660513086799	0.000815544457952932	0.309930501642327	-0.161056759909207	0.0579001329392954	0.0457566368588765	0.347727523726664	0.284568275494276	0.393558619966526	0.418109372444094	0.0444548487523213	0.25708871722247	0.414349644498403	0.352061498211447	0.241427200862126	-0.264195393109411	0.00583184757441369	0.619757915252944	-0.140185571470464	Control
49	GSM3615343	0.276952534028066	0.446778498850664	0.253160152899775	-0.155678149982533	0.495589805793723	0.000453710870567549	0.160135046158851	0.378680978501342	0.129657494103031	-0.0295208089194403	-0.0279034124300636	0.312584199742367	-0.22010747782474	0.0312553249049281	0.0437601601541544	0.332069101277796	0.263526940992871	0.394987368130873	0.376087297954635	0.0270594809773297	0.203376943348463	0.422751134088449	0.33983288328722	0.256654757238428	-0.304930179466394	0.00296040137364371	0.623467325028404	-0.0908232121808382	Control
50	GSM3615344	0.273836193648195	0.437200742842616	0.236232460381578	-0.161465110930293	0.504650191448058	0.0262219431438241	0.174375246231708	0.341959399687529	0.124550727095411	-0.0339095337216546	-0.0109910593259508	0.300086266513908	-0.189311126622931	-0.00459848604553292	0.0150825672709804	0.349848948987679	0.240705185104225	0.416943163118654	0.305308601333593	0.0281470738339267	0.171167530542025	0.408458809484816	0.34024227430461	0.22078073509875	-0.271333834851525	-0.0712216674054804	0.623623221660131	-0.133233795488716	Control
51	GSM3615345	0.307348818511942	0.435719603223784	0.270171954579442	-0.100864309834662	0.503604760930472	-0.00316859727147543	0.147403575048414	0.367077287879827	0.150103677764011	-0.0170879465527381	-0.0253795087912237	0.3167520891905	-0.201326935397469	0.0432928705006241	0.0373725942884242	0.332576965428273	0.276423315491519	0.420769890363907	0.381532835941265	0.0357143146953104	0.2201538092282	0.429841912112244	0.344982610380294	0.251601653639566	-0.267598918514299	0.0324967941283711	0.625861660590431	-0.116202652058879	Control
52	GSM3615346	0.190133876135282	0.397566798512226	0.187899466004871	-0.181600020603562	0.489173869421014	0.0273647462962175	0.128931511930256	0.346047118285095	0.113198380923041	-0.0579199187325347	0.0431806415119224	0.285763809954972	-0.25841929204454	-0.0572884447215406	0.0839948993125813	0.331529360692404	0.237543072370772	0.354729000388482	0.232204933019823	-0.0179609603472663	0.158461472141192	0.403693285786139	0.338149824637303	0.178954857431798	-0.262433673285972	-0.130901273508301	0.572901082973332	-0.160017564421608	Control
53	GSM3615347	0.39065733478583	0.465629600224633	0.351660541717169	-0.0364562719531602	0.535610410642396	0.0658248876190541	0.18623817149601	0.380120392498576	0.17597434315991	-0.0169910713476744	0.0385669307848223	0.370053427329067	-0.152358541599738	0.117019686707579	0.0489786013925643	0.378774257566493	0.266192427163734	0.393131190133754	0.462356057797391	0.0486006863439526	0.248261820533343	0.425660016986788	0.35953040042126	0.283267117418607	-0.231903514373975	0.0534985273467826	0.631718375937711	-0.106419241153273	Control
54	GSM3615348	0.322974803809714	0.436546955686152	0.250620111930615	-0.0721009704559881	0.51821811695378	0.0219120132799367	0.136323607324652	0.42493114430382	0.146434648878307	-0.0596220790393004	0.0223221361770685	0.320533197735572	-0.210440002304243	0.0292626977233716	0.0549132737817093	0.330742897976916	0.263944011608512	0.373948928162019	0.360845386486071	0.0474056073281645	0.223386170060849	0.39862438547613	0.350755315329361	0.248861236020922	-0.268531686025166	-0.00547657465492611	0.629387858113054	-0.152917961459415	Control
55	GSM3615349	0.257185224406208	0.429803926785523	0.24546778391841	-0.107883281344803	0.514911259145762	0.0554402116252449	0.151001757558176	0.39473124355766	0.145121977127242	-0.0425557980486372	0.0429900505005445	0.316969095534846	-0.220946691505492	0.0165503937169861	0.0714057848595252	0.35060976620299	0.27109576608297	0.373272154522739	0.318564652100022	0.0191238537692024	0.19375467523616	0.413439399081298	0.349976536020075	0.232566404910955	-0.278712974456815	-0.0151856870434187	0.606580760249515	-0.122924209741819	Control
